4.677727912378305e-19,
6.382183989916439e-05,
6.669949955133197e-05,
-1.6780116418264635e-05,
-0.00015815350471870166,
-0.0002884356727241305,
-0.00033570335316817864,
-0.00026620871528697677,
-0.00010554720595086077,
7.313991786410637e-05,
0.00018859390761643405,
0.00019697187228649704,
0.00011731655668638294,
2.1050580452672035e-05,
-1.0262512232907082e-05,
6.432920487277211e-05,
0.0002157265239953123,
0.00035591805312479026,
0.0003861655502037782,
0.0002562401800560883,
-2.499498178745777e-18,
-0.0002760208221025239,
-0.00044801128202972575,
-0.00044456857969889945,
-0.0002899644301312076,
-9.29839374393009e-05,
1.593844017829595e-05,
-3.5092230711801574e-05,
-0.00020967814853478352,
-0.00037693688829765643,
-0.00038585105803718166,
-0.00015972288893999608,
0.0002455908772885716,
0.0006587422520114372,
0.0008816552414086837,
0.0008022618733596661,
0.0004648383401910452,
5.199597216386465e-05,
-0.00021737771414248597,
-0.00021823430406548466,
5.304305334095964e-18,
0.00023550161617014276,
0.00025313268326719655,
-6.533531935592427e-05,
-0.0006302301807729886,
-0.0011735370861035664,
-0.0013912892667439281,
-0.0011212852559649273,
-0.0004508450754494096,
0.0003161672913301481,
0.000823399953769706,
0.0008669480548235626,
0.0005196209957396999,
9.367240890427756e-05,
-4.5809177155054144e-05,
0.0002876326530847976,
0.0009649240107195006,
0.0015906504073349773,
0.001722482256757056,
0.0011395944358709108,
-8.510219316742949e-19,
-0.0012171687221713197,
-0.0019649863345153245,
-0.0019381684267882485,
-0.0012558372463802698,
-0.0003998684328812464,
6.80282012974437e-05,
-0.00014860321020294812,
-0.000880661654327443,
-0.0015698225350815706,
-0.001593073232671173,
-0.0006536489095907579,
0.000996083259886243,
0.0026476807476250364,
0.0035114849885779396,
0.003166202097619363,
0.0018178394246906467,
0.00020149582003488667,
-0.0008347872682835798,
-0.000830575479712629,
3.157466340855356e-18,
0.0008805733468390667,
0.0009383278346122117,
-0.00024013143944268123,
-0.0022969972992701823,
-0.00424218217094552,
-0.0049890391537176365,
-0.003989356198161011,
-0.0015917895278509237,
0.001107988102865264,
0.0028647101290550773,
0.0029950897776770445,
0.0017829897158401662,
0.00031931605001654434,
-0.0001551718580871859,
0.0009684059443952611,
0.003229842668219392,
0.0052947442874709625,
0.005703255033338935,
0.003754349866511129,
-2.3275492014868118e-17,
-0.003973152666596242,
-0.006387539356211997,
-0.006276039220239097,
-0.004052110880423537,
-0.0012860447079182913,
0.0002181522366162666,
-0.00047530804051366645,
-0.002810482794910887,
-0.005000347203458238,
-0.005066646101191872,
-0.0020764763044768047,
0.003161865092185857,
0.008401404118831798,
0.011142818043130436,
0.010051868360369984,
0.005776445578383613,
0.0006411637566357759,
-0.0026612492969875405,
-0.0026540784373844644,
5.059366889103624e-18,
0.0028316809606432616,
0.0030295275256216475,
-0.0007788856574007103,
-0.007489732006523812,
-0.013914517341388608,
-0.016473177822803352,
-0.013270029136475127,
-0.005338391893197425,
0.0037496017930242326,
0.009791522080980919,
0.010349528033970561,
0.006235237759595116,
0.001131370637604148,
-0.0005577016373777867,
0.0035352422382041535,
0.011993130996695961,
0.020028927482190553,
0.022015677996791525,
0.014816578622851847,
-1.3173160746433041e-17,
-0.016493956840222684,
-0.02729638692892107,
-0.027686761524252163,
-0.018512855435201373,
-0.006107076853523843,
0.0010812619121221174,
-0.002470756813341461,
-0.015408443540472525,
-0.02910602148922286,
-0.0315617213831796,
-0.013977531184392293,
0.02327762469634048,
0.06869161343860347,
0.10324638166748476,
0.1085166623692639,
0.07564958992060743,
0.010859931874104833,
-0.06555180308494778,
-0.12669423571304333,
0.8500025103640986,
-0.12669423571304333,
-0.06555180308494778,
0.010859931874104833,
0.07564958992060743,
0.1085166623692639,
0.10324638166748476,
0.06869161343860347,
0.02327762469634048,
-0.013977531184392293,
-0.0315617213831796,
-0.02910602148922286,
-0.015408443540472525,
-0.002470756813341461,
0.001081261912122114,
-0.006107076853523843,
-0.018512855435201373,
-0.027686761524252163,
-0.02729638692892107,
-0.016493956840222687,
-1.3173160746433043e-17,
0.014816578622851847,
0.02201567799679153,
0.020028927482190553,
0.011993130996695961,
0.0035352422382041535,
-0.0005577016373777867,
0.0011313706376041462,
0.006235237759595115,
0.010349528033970561,
0.009791522080980919,
0.003749601793024234,
-0.005338391893197425,
-0.013270029136475129,
-0.016473177822803352,
-0.01391451734138861,
-0.007489732006523814,
-0.000778885657400712,
0.0030295275256216475,
0.0028316809606432594,
5.0593668891036235e-18,
-0.002654078437384465,
-0.0026612492969875405,
0.000641163756635775,
0.005776445578383614,
0.010051868360369986,
0.011142818043130439,
0.0084014041188318,
0.003161865092185857,
-0.0020764763044768047,
-0.005066646101191871,
-0.0050003472034582394,
-0.0028104827949108867,
-0.0004753080405136669,
0.00021815223661626575,
-0.0012860447079182918,
-0.004052110880423537,
-0.006276039220239097,
-0.006387539356212,
-0.0039731526665962415,
-2.3275492014868114e-17,
0.0037543498665111277,
0.0057032550333389375,
0.005294744287470964,
0.0032298426682193927,
0.0009684059443952611,
-0.0001551718580871859,
0.00031931605001654434,
0.001782989715840167,
0.0029950897776770463,
0.0028647101290550764,
0.0011079881028652641,
-0.001591789527850924,
-0.003989356198161013,
-0.0049890391537176365,
-0.00424218217094552,
-0.0022969972992701836,
-0.00024013143944268144,
0.0009383278346122121,
0.0008805733468390673,
3.1574663408553563e-18,
-0.000830575479712629,
-0.0008347872682835798,
0.00020149582003488667,
0.0018178394246906465,
0.0031662020976193648,
0.0035114849885779413,
0.0026476807476250377,
0.0009960832598862432,
-0.0006536489095907579,
-0.0015930732326711744,
-0.00156982253508157,
-0.000880661654327443,
-0.00014860321020294812,
6.80282012974437e-05,
-0.00039986843288124685,
-0.0012558372463802702,
-0.0019381684267882485,
-0.0019649863345153245,
-0.0012171687221713206,
-8.5102193167429555e-19,
0.0011395944358709117,
0.001722482256757055,
0.0015906504073349781,
0.000964924010719501,
0.0002876326530847976,
-4.5809177155054144e-05,
9.367240890427756e-05,
0.0005196209957397003,
0.0008669480548235636,
0.0008233999537697066,
0.0003161672913301482,
-0.0004508450754494097,
-0.0011212852559649273,
-0.0013912892667439281,
-0.0011735370861035662,
-0.0006302301807729884,
-6.533531935592427e-05,
0.0002531326832671968,
0.000235501616170143,
5.3043053340959665e-18,
-0.0002182343040654847,
-0.00021737771414248635,
5.199597216386465e-05,
0.00046483834019104506,
0.0008022618733596656,
0.0008816552414086846,
0.0006587422520114377,
0.0002455908772885717,
-0.00015972288893999608,
-0.00038585105803718166,
-0.0003769368882976569,
-0.00020967814853478385,
-3.509223071180168e-05,
1.5938440178295894e-05,
-9.29839374393009e-05,
-0.0002899644301312077,
-0.00044456857969889967,
-0.00044801128202972586,
-0.0002760208221025239,
-2.499498178745779e-18,
0.00025624018005608856,
0.0003861655502037786,
0.0003559180531247904,
0.0002157265239953123,
6.432920487277211e-05,
-1.0262512232907082e-05,
2.1050580452672035e-05,
0.00011731655668638294,
0.0001969718722864973,
0.00018859390761643416,
7.313991786410637e-05,
-0.00010554720595086084,
-0.00026620871528697677,
-0.00033570335316817864,
-0.0002884356727241305,
-0.00015815350471870166,
-1.6780116418264635e-05,
6.669949955133197e-05,
6.382183989916439e-05,
