0.000471
0.000719
0.000565
-0.000000
-0.000741
-0.001220
-0.001009
0.000000
0.001383
0.002282
0.001875
-0.000000
-0.002502
-0.004060
-0.003282
0.000000
0.004240
0.006782
0.005409
-0.000000
-0.006834
-0.010837
-0.008584
0.000000
0.010760
0.017050
0.013530
-0.000000
-0.017187
-0.027582
-0.022285
0.000000
0.030018
0.050465
0.043502
-0.000000
-0.074180
-0.158482
-0.225084
0.749639
-0.225084
-0.158482
-0.074180
-0.000000
0.043502
0.050465
0.030018
0.000000
-0.022285
-0.027582
-0.017187
-0.000000
0.013530
0.017050
0.010760
0.000000
-0.008584
-0.010837
-0.006834
-0.000000
0.005409
0.006782
0.004240
0.000000
-0.003282
-0.004060
-0.002502
-0.000000
0.001875
0.002282
0.001383
0.000000
-0.001009
-0.001220
-0.000741
-0.000000
0.000565
0.000719
0.000471
0.000000
