7.799328693890522e-19,
0.00011341626268756193,
0.00016194601543084752,
0.00011587809996555911,
-1.3841930675619031e-18,
-0.00011943204735760107,
-0.00017201210080533284,
-0.00012411771677811037,
2.1102866270139554e-18,
0.00012997519580331955,
0.00018859390761643302,
0.00013704508722283068,
-1.9517859977183157e-19,
-0.00014536855437861,
-0.0002121509964908221,
-0.00015498737283403848,
9.994255015710012e-19,
0.00016594398897247669,
0.00024315625276340706,
0.00017828158618862718,
-2.050707916883496e-18,
-0.00019204415940839365,
-0.00028209855715144016,
-0.00020727659875459462,
-8.963260967202579e-19,
0.00022402478326888708,
0.0003294861813165331,
0.00024233568570541572,
-1.7419923978417478e-19,
-0.00026225748953190075,
-0.0003858510580371809,
-0.0002838397194104085,
1.6364179299837857e-18,
0.00030713338658649834,
0.00045175411216332145,
0.00033219115079406253,
-3.589803987693758e-18,
-0.0003590675004884574,
-0.0005277918857809205,
-0.0003878189534559653,
6.142185440177114e-18,
0.0004185042801194432,
0.0006146047527521904,
0.00045118475217295395,
8.19860163076073e-22,
-0.00048592441954110633,
-0.0007128870991069362,
-0.0005227904190788669,
2.6285568975471424e-18,
0.0005618533189166794,
0.0008233999537697019,
0.0006031875029250213,
-6.060174463318499e-18,
-0.0006468716004384126,
-0.0009469866989007601,
-0.0006929889671583219,
-3.9761409420169185e-18,
0.0007416282240713252,
0.0010845926851410907,
0.0007928838622979764,
5.691722774594322e-19,
-0.0008468569230648701,
-0.001237289845197001,
-0.0009036557635051529,
3.8787249294773105e-18,
0.000963396920793611,
0.00140630777018258,
0.0010262060892710593,
-9.537375218047448e-18,
-0.0010922192277875214,
-0.0015930732326711748,
-0.001161583817588338,
1.6596915740139582e-17,
0.0012344602948040947,
0.0017992608775911883,
0.001311023686131505,
1.8738650413207598e-18,
-0.0013914654818027402,
-0.002026858863114607,
-0.00147599578667378,
5.264546868376102e-18,
0.001564845798531621,
0.0022782547846008096,
0.0016582706729213884,
-1.4191802357554026e-17,
-0.0017565528464452966,
-0.002556349520289443,
-0.0018600059062550511,
5.966095060219571e-18,
0.0019689791132283516,
0.0028647101290550747,
0.002083862711245082,
4.458900668314638e-18,
-0.002205094186602477,
-0.0032077783269257344,
-0.0023331656819874035,
6.650368807274893e-18,
0.002468632821342452,
0.0035911595991121744,
0.002612125269199219,
-2.0481525168960353e-17,
-0.002764359435804739,
-0.004022031829135684,
-0.002926153854828566,
7.300519018915201e-18,
0.003098447913690019,
0.004509735368347785,
0.003282324821842735,
9.369301890206993e-18,
-0.0034790399801126926,
-0.005066646101191875,
-0.0036900562939759757,
7.900536839205062e-18,
0.003917088498907711,
0.005709503710349352,
0.004162159301274389,
-2.97423169842556e-17,
-0.004427671181403246,
-0.00646149855117863,
-0.004716499206594166,
8.435647838063966e-18,
0.005032112395805222,
0.007355676050236544,
0.005378734439040399,
-8.674674106619267e-18,
-0.00576155951300906,
-0.008440743583578898,
-0.006187046566911807,
8.892675806768418e-18,
0.006663327516149431,
0.009791522080980915,
0.007200784333651581,
-9.088308885537084e-18,
-0.007812882615027961,
-0.011529044295301752,
-0.008517405242531017,
9.26036719994005e-18,
0.00933832968587808,
0.013862577231243737,
0.0103087780308004,
-9.40778995325383e-18,
-0.011475830165893606,
-0.01718767289343651,
-0.012908734493030052,
9.529668235181205e-18,
0.0147136871829093,
0.022352303891900068,
0.017062253793147644,
-9.625250625585446e-18,
-0.02025079625530667,
-0.03156172138317961,
-0.024839135804252645,
9.693947827245346e-18,
0.03202692373393201,
0.05290273940837329,
0.044933301892829375,
-9.735336299068534e-18,
-0.07499520503666066,
-0.15915941476809356,
-0.22514529103725264,
0.7499042811290774,
-0.22514529103725264,
-0.15915941476809356,
-0.07499520503666066,
-9.735336299068534e-18,
0.044933301892829375,
0.05290273940837329,
0.03202692373393201,
9.693947827245346e-18,
-0.024839135804252645,
-0.03156172138317961,
-0.02025079625530667,
-9.625250625585446e-18,
0.017062253793147644,
0.022352303891900068,
0.0147136871829093,
9.529668235181205e-18,
-0.012908734493030052,
-0.01718767289343651,
-0.011475830165893607,
-9.407789953253832e-18,
0.0103087780308004,
0.01386257723124374,
0.00933832968587808,
9.26036719994005e-18,
-0.008517405242531018,
-0.011529044295301754,
-0.007812882615027961,
-9.088308885537082e-18,
0.007200784333651581,
0.009791522080980915,
0.006663327516149432,
8.892675806768418e-18,
-0.006187046566911808,
-0.008440743583578898,
-0.005761559513009061,
-8.674674106619268e-18,
0.0053787344390404,
0.007355676050236544,
0.005032112395805219,
8.435647838063966e-18,
-0.004716499206594167,
-0.006461498551178631,
-0.004427671181403247,
-2.974231698425561e-17,
0.0041621593012743895,
0.0057095037103493534,
0.003917088498907712,
7.900536839205064e-18,
-0.0036900562939759757,
-0.0050666461011918745,
-0.003479039980112694,
9.369301890206991e-18,
0.003282324821842736,
0.004509735368347785,
0.0030984479136900193,
7.300519018915201e-18,
-0.002926153854828566,
-0.004022031829135687,
-0.002764359435804739,
-2.048152516896035e-17,
0.0026121252691992183,
0.003591159599112176,
0.002468632821342453,
6.6503688072748954e-18,
-0.0023331656819874035,
-0.0032077783269257344,
-0.002205094186602478,
4.4589006683146414e-18,
0.0020838627112450834,
0.002864710129055074,
0.001968979113228352,
5.966095060219572e-18,
-0.0018600059062550518,
-0.002556349520289443,
-0.0017565528464452966,
-1.4191802357554035e-17,
0.001658270672921389,
0.002278254784600811,
0.001564845798531622,
5.264546868376103e-18,
-0.00147599578667378,
-0.002026858863114607,
-0.0013914654818027402,
1.8738650413207594e-18,
0.001311023686131506,
0.001799260877591189,
0.0012344602948040954,
1.6596915740139585e-17,
-0.001161583817588338,
-0.0015930732326711761,
-0.001092219227787521,
-9.537375218047448e-18,
0.001026206089271059,
0.0014063077701825803,
0.0009633969207936114,
3.878724929477311e-18,
-0.0009036557635051529,
-0.001237289845197001,
-0.0008468569230648706,
5.691722774594327e-19,
0.0007928838622979769,
0.00108459268514109,
0.0007416282240713257,
-3.976140942016919e-18,
-0.0006929889671583219,
-0.0009469866989007601,
-0.0006468716004384123,
-6.060174463318503e-18,
0.0006031875029250221,
0.0008233999537697026,
0.0005618533189166796,
2.628556897547143e-18,
-0.0005227904190788669,
-0.0007128870991069362,
-0.0004859244195411062,
8.198601630760727e-22,
0.0004511847521729544,
0.0006146047527521909,
0.0004185042801194436,
6.1421854401771166e-18,
-0.00038781895345596534,
-0.0005277918857809214,
-0.0003590675004884574,
-3.589803987693756e-18,
0.0003321911507940623,
0.0004517541121633219,
0.00030713338658649856,
1.6364179299837863e-18,
-0.0002838397194104085,
-0.0003858510580371809,
-0.00026225748953190113,
-1.7419923978417504e-19,
0.000242335685705416,
0.00032948618131653295,
0.0002240247832688872,
-8.963260967202583e-19,
-0.00020727659875459473,
-0.0002820985571514402,
-0.00019204415940839365,
-2.0507079168834978e-18,
0.00017828158618862734,
0.0002431562527634073,
0.00016594398897247677,
9.994255015710012e-19,
-0.00015498737283403848,
-0.0002121509964908221,
-0.0001453685543786099,
-1.9517859977183157e-19,
0.00013704508722283085,
0.00018859390761643313,
0.00012997519580331955,
2.110286627013957e-18,
-0.00012411771677811037,
-0.00017201210080533284,
-0.00011943204735760107,
-1.3841930675619031e-18,
0.00011587809996555911,
0.00016194601543084752,
0.00011341626268756193,
