-2.395043612386194e-05,
5.5632284615917e-06,
-7.676067817113754e-06,
-4.360673487241909e-05,
-3.247969283236076e-05,
5.64611111756054e-06,
-7.872159518773701e-07,
-3.1591083474187946e-05,
-1.3446067293542754e-05,
3.180713326633485e-05,
2.660507762276402e-05,
-7.508930654246094e-06,
9.5660250597718e-06,
5.392998406385927e-05,
4.0049465088764304e-05,
-7.327076666416386e-06,
2.3075303833675455e-06,
4.2650894561934734e-05,
1.7924296757076405e-05,
-4.241143230571237e-05,
-3.4454633454344343e-05,
1.1632817157449996e-05,
-1.3692300371640148e-05,
-7.581159576645815e-05,
-5.550243290763622e-05,
1.0590975665731656e-05,
-5.21319405430418e-06,
-6.29132577088934e-05,
-2.585640691235237e-05,
6.0606069425309044e-05,
4.7201836673191826e-05,
-1.8846103517237834e-05,
2.05196235571649e-05,
0.00011075371696864819,
7.930795987876174e-05,
-1.570482344118981e-05,
1.050467350825285e-05,
9.418398615175852e-05,
3.766207784096064e-05,
-8.699873350467251e-05,
-6.436035429424385e-05,
3.024167336810094e-05,
-3.058596566809057e-05,
-0.00016041852577169333,
-0.00011191608016230365,
2.2973037829497915e-05,
-1.9410723388360422e-05,
-0.00013858569588692663,
-5.38209388589326e-05,
0.00012225586916923784,
8.527344667545298e-05,
-4.714893074186309e-05,
4.4539800273555934e-05,
0.00022678407218186905,
0.0001538418817103673,
-3.2762749147697634e-05,
3.345168576748402e-05,
0.00019873583194428453,
7.492851432462741e-05,
-0.00016721231439258374,
-0.00010913921841973485,
7.123043395438429e-05,
-6.320389441693376e-05,
-0.00031240652439256224,
-0.000205802968934892,
4.554735813303609e-05,
-5.455363609234952e-05,
-0.00027805368865745745,
-0.00010179067808226356,
0.0002230538565680941,
0.0001350414878771077,
-0.00010465484398218338,
8.768658300360233e-05,
0.0004208698985665811,
0.00026894795074212984,
-6.198291634149241e-05,
8.525846339533616e-05,
0.00038130400299276473,
0.00013558806504687486,
-0.0002916312885422907,
-0.00016198508439815504,
0.00015041510723456442,
-0.00011958279934169615,
-0.00055758847421085,
-0.0003452543019750165,
8.304735917155875e-05,
-0.00012912291977955912,
-0.0005156019436244768,
-0.0001781768554017407,
0.0003760309193696339,
0.0001889342105959164,
-0.0002129399423434898,
0.00016135667465801617,
0.0007313244563609434,
0.00043826971325390887,
-0.00011030950432428183,
0.00019151490122471665,
0.0006923891094362247,
0.00023267814257342035,
-0.00048169102271020255,
-0.00021485238770178734,
0.00029934652251220205,
-0.00021712394659151725,
-0.0009572926832528651,
-0.0005546209907428545,
0.00014649199976519544,
-0.0002813223798074447,
-0.0009316586500266646,
-0.0003047424601436439,
0.0006188088073115989,
0.00023874244029281944,
-0.0004222490622258551,
0.00029441592302298,
0.0012642088357302165,
0.0007074537911448278,
-0.00019678426468432153,
0.00041502578369486147,
0.001272084768379548,
0.0004056126960509973,
-0.0008082368207457226,
-0.0002596849746447445,
0.0006069129132243753,
-0.00040873123860755674,
-0.0017127339034622435,
-0.0009255539730420731,
0.00027240388192963354,
-0.0006279960255100468,
-0.0017995724000727433,
-0.000560917197944441,
0.0010987444616067255,
0.00027687386282011133,
-0.000913237459539239,
0.0005978420782159198,
0.002454851970852874,
0.0012834456918054248,
-0.00040270009150556244,
0.001014084749737805,
0.0027502754755766726,
0.0008434231664766964,
-0.0016335261712603017,
-0.00028964736011075174,
0.0015271889142060703,
-0.0009837843111474946,
-0.004002720021826743,
-0.0020442426112546683,
0.0006956595016201061,
-0.0019349492857618795,
-0.005089045225835457,
-0.0015695160236151601,
0.00307934653893334,
0.0002975136521508633,
-0.003461821070897892,
0.0022997552800741398,
0.009801694602158368,
0.005230727730322675,
-0.0021244373532230687,
0.007369391700436025,
0.022656578391379537,
0.00938980780100139,
-0.03280299755206677,
0.6764619075201138,
-0.03280299755206677,
0.00938980780100139,
0.022656578391379537,
0.007369391700436025,
-0.0021244373532230687,
0.005230727730322675,
0.009801694602158368,
0.0022997552800741398,
-0.003461821070897892,
0.0002975136521508633,
0.00307934653893334,
-0.0015695160236151601,
-0.005089045225835457,
-0.001934949285761883,
0.0006956595016201061,
-0.002044242611254665,
-0.004002720021826743,
-0.0009837843111474946,
0.0015271889142060699,
-0.00028964736011075174,
-0.0016335261712603017,
0.0008434231664766955,
0.0027502754755766726,
0.001014084749737805,
-0.00040270009150556417,
0.001283445691805423,
0.002454851970852872,
0.0005978420782159198,
-0.000913237459539239,
0.0002768738628201114,
0.001098744461606726,
-0.0005609171979444397,
-0.0017995724000727433,
-0.0006279960255100468,
0.0002724038819296353,
-0.000925553973042074,
-0.0017127339034622435,
-0.00040873123860755674,
0.0006069129132243751,
-0.00025968497464474457,
-0.0008082368207457233,
0.00040561269605099686,
0.0012720847683795472,
0.00041502578369486147,
-0.00019678426468432153,
0.0007074537911448287,
0.0012642088357302178,
0.00029441592302298,
-0.0004222490622258551,
0.00023874244029281936,
0.0006188088073115989,
-0.0003047424601436439,
-0.0009316586500266654,
-0.0002813223798074451,
0.00014649199976519457,
-0.0005546209907428545,
-0.0009572926832528651,
-0.00021712394659151768,
0.00029934652251220194,
-0.00021485238770178728,
-0.00048169102271020223,
0.00023267814257342057,
0.000692389109436226,
0.00019151490122471708,
-0.00011030950432428183,
0.00043826971325390887,
0.0007313244563609434,
0.0001613566746580164,
-0.00021293994234349023,
0.00018893421059591633,
0.00037603091936963366,
-0.00017817685540174092,
-0.0005156019436244766,
-0.00012912291977955912,
8.304735917155875e-05,
-0.00034525430197501696,
-0.0005575884742108508,
-0.00011958279934169626,
0.00015041510723456442,
-0.00016198508439815504,
-0.0002916312885422907,
0.00013558806504687486,
0.00038130400299276473,
8.525846339533594e-05,
-6.198291634149241e-05,
0.00026894795074212995,
0.00042086989856658175,
8.768658300360233e-05,
-0.00010465484398218338,
0.0001350414878771078,
0.00022305385656809425,
-0.00010179067808226366,
-0.00027805368865745734,
-5.455363609234952e-05,
4.554735813303598e-05,
-0.0002058029689348921,
-0.00031240652439256224,
-6.320389441693376e-05,
7.123043395438434e-05,
-0.00010913921841973494,
-0.00016721231439258377,
7.492851432462736e-05,
0.0001987358319442843,
3.345168576748402e-05,
-3.2762749147697634e-05,
0.0001538418817103673,
0.00022678407218186883,
4.4539800273555826e-05,
-4.714893074186325e-05,
8.527344667545305e-05,
0.00012225586916923776,
-5.382093885893265e-05,
-0.00013858569588692663,
-1.9410723388360422e-05,
2.297303782949786e-05,
-0.0001119160801623036,
-0.0001604185257716934,
-3.058596566809065e-05,
3.0241673368100968e-05,
-6.436035429424386e-05,
-8.699873350467255e-05,
3.766207784096072e-05,
9.418398615175852e-05,
1.050467350825285e-05,
-1.5704823441189757e-05,
7.930795987876187e-05,
0.00011075371696864814,
2.05196235571649e-05,
-1.8846103517237834e-05,
4.7201836673191826e-05,
6.06060694253091e-05,
-2.5856406912352423e-05,
-6.291325770889356e-05,
-5.21319405430418e-06,
1.059097566573171e-05,
-5.550243290763622e-05,
-7.581159576645815e-05,
-1.3692300371640162e-05,
1.1632817157449996e-05,
-3.445463345434437e-05,
-4.241143230571241e-05,
1.7924296757076418e-05,
4.265089456193468e-05,
2.3075303833675455e-06,
-7.327076666416386e-06,
4.0049465088764304e-05,
5.392998406385924e-05,
9.5660250597718e-06,
-7.508930654246121e-06,
2.660507762276404e-05,
3.180713326633485e-05,
-1.3446067293542767e-05,
-3.1591083474187946e-05,
-7.872159518773701e-07,
5.64611111756054e-06,
-3.247969283236076e-05,
-4.360673487241909e-05,
-7.676067817113754e-06,
5.5632284615917e-06,
