1.1443210272153161e-18,
0.00016640485266791958,
0.00023760792499541772,
0.00017001687143692137,
-2.0308943180937182e-18,
-0.0001752312390959179,
-0.00025237693090331235,
-0.00018210607442459018,
3.096222066695284e-18,
0.0001907001940957743,
0.0002767058327202441,
0.00020107317070568826,
-2.863669227792702e-19,
-0.00021328539929550957,
-0.0003112688998724974,
-0.00022739817316043943,
1.4663616081199155e-18,
0.00024347376982578175,
0.0003567599518584346,
0.0002615755481632089,
-3.008807914205395e-18,
-0.0002817680577266355,
-0.0004138962766736111,
-0.0003041171615069311,
-1.3150936958488157e-18,
0.0003286901734411501,
0.00048342361279469294,
0.00035555601216624635,
-2.555859110875833e-19,
-0.00038478537268359835,
-0.0005661224143958627,
-0.00041645091780098393,
2.400959774986106e-18,
0.00045062749144819404,
0.000662815672949418,
0.00048739235622454385,
-5.266976618022531e-18,
-0.0005268254578377372,
-0.0007743786376971605,
-0.0005690097194389746,
9.01184220862008e-18,
0.000614031369258009,
0.0009017508680608942,
0.0006619803054009993,
1.2029025327770054e-21,
-0.0007129505022065046,
-0.0010459511703585689,
-0.0007670404631712421,
3.856630547512698e-18,
0.0008243537261748004,
0.0012080961296641757,
0.000884999427567773,
-8.89151533310925e-18,
-0.0009490929326647638,
-0.0013894231600909755,
-0.001016756541327303,
-5.8338119416429114e-18,
0.0010881202786670013,
0.0015913192843674913,
0.001163322782482545,
8.350921351924249e-19,
-0.0012425123009177754,
-0.0018153572469999887,
-0.001325847816047657,
5.690882728230139e-18,
0.001413500311741179,
0.002063341109622427,
0.0015056542073026708,
-1.399327997934376e-17,
-0.0016025089821707155,
-0.002337364239396027,
-0.001704281021494327,
2.4351069705832254e-17,
0.001811205717888638,
0.0026398836829204424,
0.0019235398713132788,
2.7493432487679966e-18,
-0.0020415644371014337,
-0.0029738164748417655,
-0.002165587682046378,
7.724166933703382e-18,
0.0022959488205850087,
0.003342665705850814,
0.0024330222180851103,
-2.0822276492275918e-17,
-0.0025772222668046,
-0.003750687557597707,
-0.0027290090632282457,
8.753481608131996e-18,
0.002888895044492654,
0.004203115634967799,
0.003057452778180268,
6.542119191634735e-18,
-0.0032353241461615563,
-0.004706466843770913,
-0.003423231222408621,
9.757451139176626e-18,
0.0036219892208785675,
0.005268965577215958,
0.0038325219882149666,
-3.005058619806651e-17,
-0.004055880644766724,
-0.005901143258412141,
-0.004293266146829333,
1.0711354464999112e-17,
0.00454605676786557,
0.006616704093032314,
0.0048158417976762995,
1.374668203391732e-17,
-0.005104463166021288,
-0.007433806034606581,
-0.005414067254419785,
1.1591703319894067e-17,
0.005747169930502599,
0.008377009621141553,
0.006106738918182778,
-4.3638061760171086e-17,
-0.006496299147443182,
-0.009480339846719114,
-0.006920068930006579,
1.237682059334364e-17,
0.00738313802615021,
0.010792281110377232,
0.007891703452917075,
-1.2727521013725853e-17,
-0.008453386129825867,
-0.012384297094169463,
-0.009077662656304627,
1.304737409242066e-17,
0.009776464215343438,
0.014366165404064206,
0.010565023284497306,
-1.333440782883597e-17,
-0.011463096646439372,
-0.016915465841496134,
-0.012496775426296737,
1.3586852564538377e-17,
0.01370123947589236,
0.020339235900565,
0.015125085668951013,
-1.3803151893785881e-17,
-0.01683738983057689,
-0.025217831268305037,
-0.0189397535286404,
1.398197225928685e-17,
0.021587988264247324,
0.0327954011865717,
0.02503381579811797,
-1.4122211174024163e-17,
-0.02971205969425692,
-0.04630750010853518,
-0.036444092195945736,
1.4223004018454292e-17,
0.04699004709785873,
0.07761913810571305,
0.06592634340242125,
-1.4283729371174303e-17,
-0.11003330341879214,
-0.23351941192205622,
-0.3303341874977742,
1.1002629469469496,
-0.3303341874977742,
-0.23351941192205622,
-0.11003330341879214,
-1.4283729371174303e-17,
0.06592634340242125,
0.07761913810571305,
0.04699004709785873,
1.4223004018454292e-17,
-0.036444092195945736,
-0.04630750010853518,
-0.02971205969425692,
-1.4122211174024163e-17,
0.02503381579811797,
0.0327954011865717,
0.021587988264247324,
1.398197225928685e-17,
-0.0189397535286404,
-0.025217831268305037,
-0.016837389830576893,
-1.3803151893785884e-17,
0.015125085668951013,
0.020339235900565005,
0.01370123947589236,
1.3586852564538377e-17,
-0.01249677542629674,
-0.016915465841496138,
-0.01146309664643937,
-1.3334407828835966e-17,
0.010565023284497306,
0.014366165404064208,
0.009776464215343441,
1.304737409242066e-17,
-0.009077662656304629,
-0.012384297094169463,
-0.008453386129825869,
-1.2727521013725856e-17,
0.007891703452917077,
0.010792281110377232,
0.007383138026150206,
1.2376820593343642e-17,
-0.00692006893000658,
-0.009480339846719116,
-0.006496299147443183,
-4.36380617601711e-17,
0.0061067389181827785,
0.008377009621141554,
0.0057471699305026,
1.1591703319894069e-17,
-0.005414067254419785,
-0.007433806034606579,
-0.00510446316602129,
1.3746682033917317e-17,
0.0048158417976763,
0.006616704093032315,
0.004546056767865571,
1.0711354464999112e-17,
-0.004293266146829333,
-0.005901143258412145,
-0.004055880644766724,
-3.00505861980665e-17,
0.0038325219882149658,
0.00526896557721596,
0.0036219892208785684,
9.757451139176628e-18,
-0.003423231222408621,
-0.004706466843770913,
-0.0032353241461615585,
6.5421191916347395e-18,
0.00305745277818027,
0.004203115634967797,
0.0028888950444926546,
8.753481608131997e-18,
-0.0027290090632282465,
-0.003750687557597707,
-0.0025772222668046,
-2.082227649227593e-17,
0.002433022218085111,
0.003342665705850816,
0.00229594882058501,
7.724166933703384e-18,
-0.002165587682046378,
-0.0029738164748417655,
-0.0020415644371014337,
2.749343248767996e-18,
0.0019235398713132801,
0.0026398836829204437,
0.0018112057178886387,
2.435106970583226e-17,
-0.001704281021494327,
-0.0023373642393960292,
-0.001602508982170715,
-1.399327997934376e-17,
0.0015056542073026704,
0.0020633411096224277,
0.0014135003117411794,
5.6908827282301406e-18,
-0.001325847816047657,
-0.0018153572469999887,
-0.0012425123009177762,
8.350921351924256e-19,
0.0011633227824825458,
0.0015913192843674906,
0.001088120278667002,
-5.833811941642914e-18,
-0.001016756541327303,
-0.0013894231600909755,
-0.0009490929326647634,
-8.891515333109256e-18,
0.0008849994275677741,
0.0012080961296641766,
0.0008243537261748007,
3.8566305475127e-18,
-0.0007670404631712421,
-0.0010459511703585689,
-0.0007129505022065045,
1.202902532777005e-21,
0.0006619803054009999,
0.000901750868060895,
0.0006140313692580095,
9.011842208620084e-18,
-0.0005690097194389746,
-0.0007743786376971619,
-0.0005268254578377372,
-5.266976618022529e-18,
0.00048739235622454353,
0.0006628156729494185,
0.00045062749144819436,
2.4009597749861066e-18,
-0.00041645091780098393,
-0.0005661224143958627,
-0.0003847853726835989,
-2.5558591108758373e-19,
0.0003555560121662468,
0.0004834236127946928,
0.0003286901734411502,
-1.3150936958488161e-18,
-0.00030411716150693127,
-0.00041389627667361124,
-0.0002817680577266355,
-3.0088079142053978e-18,
0.00026157554816320916,
0.0003567599518584349,
0.00024347376982578186,
1.4663616081199155e-18,
-0.00022739817316043943,
-0.0003112688998724974,
-0.00021328539929550943,
-2.863669227792702e-19,
0.00020107317070568853,
0.0002767058327202442,
0.0001907001940957743,
3.0962220666952858e-18,
-0.00018210607442459018,
-0.00025237693090331235,
-0.0001752312390959179,
-2.0308943180937182e-18,
0.00017001687143692137,
0.00023760792499541772,
0.00016640485266791958,
