0.0,
-1.0,
-3.0,
-4.0,
-5.0,
-5.0,
-5.0,
-4.0,
-3.0,
-1.0,
0.0,
1.0,
3.0,
5.0,
6.0,
7.0,
7.0,
6.0,
4.0,
2.0,
0.0,
-2.0,
-5.0,
-7.0,
-9.0,
-10.0,
-10.0,
-9.0,
-6.0,
-3.0,
0.0,
4.0,
8.0,
11.0,
14.0,
15.0,
15.0,
13.0,
10.0,
5.0,
0.0,
-5.0,
-11.0,
-16.0,
-20.0,
-22.0,
-22.0,
-19.0,
-14.0,
-8.0,
0.0,
8.0,
17.0,
24.0,
29.0,
32.0,
31.0,
27.0,
20.0,
11.0,
0.0,
-12.0,
-23.0,
-33.0,
-41.0,
-44.0,
-43.0,
-38.0,
-28.0,
-15.0,
0.0,
16.0,
32.0,
46.0,
56.0,
60.0,
59.0,
52.0,
39.0,
21.0,
0.0,
-22.0,
-43.0,
-62.0,
-75.0,
-81.0,
-79.0,
-69.0,
-52.0,
-28.0,
0.0,
29.0,
58.0,
82.0,
100.0,
108.0,
105.0,
92.0,
69.0,
37.0,
0.0,
-39.0,
-77.0,
-109.0,
-132.0,
-143.0,
-140.0,
-123.0,
-92.0,
-49.0,
0.0,
52.0,
103.0,
146.0,
178.0,
192.0,
189.0,
166.0,
124.0,
67.0,
0.0,
-72.0,
-141.0,
-201.0,
-245.0,
-267.0,
-263.0,
-232.0,
-174.0,
-95.0,
0.0,
103.0,
204.0,
293.0,
359.0,
394.0,
392.0,
350.0,
267.0,
147.0,
0.0,
-164.0,
-331.0,
-484.0,
-606.0,
-682.0,
-697.0,
-640.0,
-504.0,
-290.0,
0.0,
355.0,
762.0,
1201.0,
1649.0,
2083.0,
2478.0,
2813.0,
3067.0,
3226.0,
3280.0,
3226.0,
3067.0,
2813.0,
2478.0,
2083.0,
1649.0,
1201.0,
762.0,
355.0,
0.0,
-290.0,
-504.0,
-640.0,
-697.0,
-682.0,
-606.0,
-484.0,
-331.0,
-164.0,
0.0,
147.0,
267.0,
350.0,
392.0,
394.0,
359.0,
293.0,
204.0,
103.0,
0.0,
-95.0,
-174.0,
-232.0,
-263.0,
-267.0,
-245.0,
-201.0,
-141.0,
-72.0,
0.0,
67.0,
124.0,
166.0,
189.0,
192.0,
178.0,
146.0,
103.0,
52.0,
0.0,
-49.0,
-92.0,
-123.0,
-140.0,
-143.0,
-132.0,
-109.0,
-77.0,
-39.0,
0.0,
37.0,
69.0,
92.0,
105.0,
108.0,
100.0,
82.0,
58.0,
29.0,
0.0,
-28.0,
-52.0,
-69.0,
-79.0,
-81.0,
-75.0,
-62.0,
-43.0,
-22.0,
0.0,
21.0,
39.0,
52.0,
59.0,
60.0,
56.0,
46.0,
32.0,
16.0,
0.0,
-15.0,
-28.0,
-38.0,
-43.0,
-44.0,
-41.0,
-33.0,
-23.0,
-12.0,
0.0,
11.0,
20.0,
27.0,
31.0,
32.0,
29.0,
24.0,
17.0,
8.0,
0.0,
-8.0,
-14.0,
-19.0,
-22.0,
-22.0,
-20.0,
-16.0,
-11.0,
-5.0,
0.0,
5.0,
10.0,
13.0,
15.0,
15.0,
14.0,
11.0,
8.0,
4.0,
0.0,
-3.0,
-6.0,
-9.0,
-10.0,
-10.0,
-9.0,
-7.0,
-5.0,
-2.0,
0.0,
2.0,
4.0,
6.0,
7.0,
7.0,
6.0,
5.0,
3.0,
1.0,
0.0,
-1.0,
-3.0,
-4.0,
-5.0,
-5.0,
-5.0,
-4.0,
-3.0,
-1.0,
