0.0,
3.0,
5.0,
5.0,
3.0,
0.0,
-3.0,
-5.0,
-5.0,
-3.0,
0.0,
3.0,
6.0,
6.0,
4.0,
0.0,
-4.0,
-7.0,
-7.0,
-4.0,
0.0,
5.0,
8.0,
9.0,
5.0,
0.0,
-6.0,
-10.0,
-11.0,
-7.0,
0.0,
7.0,
13.0,
13.0,
8.0,
0.0,
-9.0,
-15.0,
-16.0,
-10.0,
0.0,
11.0,
19.0,
19.0,
12.0,
0.0,
-13.0,
-23.0,
-23.0,
-15.0,
0.0,
16.0,
27.0,
28.0,
18.0,
0.0,
-19.0,
-32.0,
-33.0,
-21.0,
0.0,
23.0,
38.0,
39.0,
25.0,
0.0,
-27.0,
-45.0,
-46.0,
-29.0,
0.0,
31.0,
52.0,
54.0,
34.0,
0.0,
-36.0,
-61.0,
-63.0,
-40.0,
0.0,
42.0,
71.0,
73.0,
46.0,
0.0,
-49.0,
-81.0,
-84.0,
-53.0,
0.0,
56.0,
94.0,
97.0,
61.0,
0.0,
-65.0,
-108.0,
-111.0,
-71.0,
0.0,
75.0,
125.0,
128.0,
82.0,
0.0,
-86.0,
-144.0,
-148.0,
-94.0,
0.0,
100.0,
167.0,
172.0,
109.0,
0.0,
-116.0,
-195.0,
-201.0,
-128.0,
0.0,
137.0,
229.0,
237.0,
151.0,
0.0,
-162.0,
-272.0,
-282.0,
-181.0,
0.0,
196.0,
330.0,
344.0,
222.0,
0.0,
-242.0,
-411.0,
-432.0,
-280.0,
0.0,
312.0,
535.0,
568.0,
374.0,
0.0,
-430.0,
-752.0,
-816.0,
-551.0,
0.0,
676.0,
1233.0,
1411.0,
1019.0,
0.0,
-1531.0,
-3305.0,
-4960.0,
-6133.0,
26211.0,
-6133.0,
-4960.0,
-3305.0,
-1531.0,
0.0,
1019.0,
1411.0,
1233.0,
676.0,
0.0,
-551.0,
-816.0,
-752.0,
-430.0,
0.0,
374.0,
568.0,
535.0,
312.0,
0.0,
-280.0,
-432.0,
-411.0,
-242.0,
0.0,
222.0,
344.0,
330.0,
196.0,
0.0,
-181.0,
-282.0,
-272.0,
-162.0,
0.0,
151.0,
237.0,
229.0,
137.0,
0.0,
-128.0,
-201.0,
-195.0,
-116.0,
0.0,
109.0,
172.0,
167.0,
100.0,
0.0,
-94.0,
-148.0,
-144.0,
-86.0,
0.0,
82.0,
128.0,
125.0,
75.0,
0.0,
-71.0,
-111.0,
-108.0,
-65.0,
0.0,
61.0,
97.0,
94.0,
56.0,
0.0,
-53.0,
-84.0,
-81.0,
-49.0,
0.0,
46.0,
73.0,
71.0,
42.0,
0.0,
-40.0,
-63.0,
-61.0,
-36.0,
0.0,
34.0,
54.0,
52.0,
31.0,
0.0,
-29.0,
-46.0,
-45.0,
-27.0,
0.0,
25.0,
39.0,
38.0,
23.0,
0.0,
-21.0,
-33.0,
-32.0,
-19.0,
0.0,
18.0,
28.0,
27.0,
16.0,
0.0,
-15.0,
-23.0,
-23.0,
-13.0,
0.0,
12.0,
19.0,
19.0,
11.0,
0.0,
-10.0,
-16.0,
-15.0,
-9.0,
0.0,
8.0,
13.0,
13.0,
7.0,
0.0,
-7.0,
-11.0,
-10.0,
-6.0,
0.0,
5.0,
9.0,
8.0,
5.0,
0.0,
-4.0,
-7.0,
-7.0,
-4.0,
0.0,
4.0,
6.0,
6.0,
3.0,
0.0,
-3.0,
-5.0,
-5.0,
-3.0,
0.0,
3.0,
5.0,
5.0,
3.0,
