0.0,
-2.0,
-2.0,
0.0,
5.0,
9.0,
11.0,
8.0,
3.0,
-2.0,
-6.0,
-6.0,
-3.0,
0.0,
0.0,
-2.0,
-7.0,
-11.0,
-12.0,
-8.0,
0.0,
9.0,
14.0,
14.0,
9.0,
3.0,
0.0,
1.0,
6.0,
12.0,
12.0,
5.0,
-8.0,
-21.0,
-28.0,
-26.0,
-15.0,
-1.0,
7.0,
7.0,
0.0,
-7.0,
-8.0,
2.0,
20.0,
38.0,
45.0,
36.0,
14.0,
-10.0,
-26.0,
-28.0,
-17.0,
-3.0,
1.0,
-9.0,
-31.0,
-52.0,
-56.0,
-37.0,
0.0,
39.0,
64.0,
63.0,
41.0,
13.0,
-2.0,
4.0,
28.0,
51.0,
52.0,
21.0,
-32.0,
-86.0,
-115.0,
-103.0,
-59.0,
-6.0,
27.0,
27.0,
0.0,
-28.0,
-30.0,
7.0,
75.0,
139.0,
163.0,
130.0,
52.0,
-36.0,
-93.0,
-98.0,
-58.0,
-10.0,
5.0,
-31.0,
-105.0,
-173.0,
-186.0,
-123.0,
0.0,
130.0,
209.0,
205.0,
132.0,
42.0,
-7.0,
15.0,
92.0,
163.0,
166.0,
68.0,
-103.0,
-275.0,
-365.0,
-329.0,
-189.0,
-21.0,
87.0,
86.0,
0.0,
-92.0,
-99.0,
25.0,
245.0,
455.0,
539.0,
434.0,
174.0,
-122.0,
-320.0,
-339.0,
-204.0,
-37.0,
18.0,
-115.0,
-392.0,
-656.0,
-721.0,
-485.0,
0.0,
540.0,
894.0,
907.0,
606.0,
200.0,
-35.0,
80.0,
504.0,
953.0,
1034.0,
458.0,
-762.0,
-2250.0,
-3383.0,
-3555.0,
-2478.0,
-355.0,
2148.0,
4151.0,
4915.0,
4151.0,
2148.0,
-355.0,
-2478.0,
-3555.0,
-3383.0,
-2250.0,
-762.0,
458.0,
1034.0,
953.0,
504.0,
80.0,
-35.0,
200.0,
606.0,
907.0,
894.0,
540.0,
0.0,
-485.0,
-721.0,
-656.0,
-392.0,
-115.0,
18.0,
-37.0,
-204.0,
-339.0,
-320.0,
-122.0,
174.0,
434.0,
539.0,
455.0,
245.0,
25.0,
-99.0,
-92.0,
0.0,
86.0,
87.0,
-21.0,
-189.0,
-329.0,
-365.0,
-275.0,
-103.0,
68.0,
166.0,
163.0,
92.0,
15.0,
-7.0,
42.0,
132.0,
205.0,
209.0,
130.0,
0.0,
-123.0,
-186.0,
-173.0,
-105.0,
-31.0,
5.0,
-10.0,
-58.0,
-98.0,
-93.0,
-36.0,
52.0,
130.0,
163.0,
139.0,
75.0,
7.0,
-30.0,
-28.0,
0.0,
27.0,
27.0,
-6.0,
-59.0,
-103.0,
-115.0,
-86.0,
-32.0,
21.0,
52.0,
51.0,
28.0,
4.0,
-2.0,
13.0,
41.0,
63.0,
64.0,
39.0,
0.0,
-37.0,
-56.0,
-52.0,
-31.0,
-9.0,
1.0,
-3.0,
-17.0,
-28.0,
-26.0,
-10.0,
14.0,
36.0,
45.0,
38.0,
20.0,
2.0,
-8.0,
-7.0,
0.0,
7.0,
7.0,
-1.0,
-15.0,
-26.0,
-28.0,
-21.0,
-8.0,
5.0,
12.0,
12.0,
6.0,
1.0,
0.0,
3.0,
9.0,
14.0,
14.0,
9.0,
0.0,
-8.0,
-12.0,
-11.0,
-7.0,
-2.0,
0.0,
0.0,
-3.0,
-6.0,
-6.0,
-2.0,
3.0,
8.0,
11.0,
9.0,
5.0,
0.0,
-2.0,
-2.0,
