0.0,
3.0,
5.0,
3.0,
0.0,
-3.0,
-5.0,
-4.0,
0.0,
4.0,
6.0,
4.0,
0.0,
-4.0,
-6.0,
-5.0,
0.0,
5.0,
7.0,
5.0,
0.0,
-6.0,
-9.0,
-6.0,
0.0,
7.0,
10.0,
7.0,
0.0,
-8.0,
-12.0,
-9.0,
0.0,
10.0,
14.0,
10.0,
0.0,
-11.0,
-17.0,
-12.0,
0.0,
13.0,
20.0,
14.0,
0.0,
-15.0,
-23.0,
-17.0,
0.0,
18.0,
26.0,
19.0,
0.0,
-21.0,
-31.0,
-22.0,
0.0,
24.0,
35.0,
25.0,
0.0,
-27.0,
-40.0,
-29.0,
0.0,
31.0,
46.0,
33.0,
0.0,
-35.0,
-52.0,
-38.0,
0.0,
40.0,
58.0,
42.0,
0.0,
-45.0,
-66.0,
-48.0,
0.0,
51.0,
74.0,
54.0,
0.0,
-57.0,
-83.0,
-60.0,
0.0,
64.0,
93.0,
68.0,
0.0,
-72.0,
-105.0,
-76.0,
0.0,
80.0,
117.0,
85.0,
0.0,
-90.0,
-131.0,
-95.0,
0.0,
101.0,
147.0,
107.0,
0.0,
-114.0,
-166.0,
-120.0,
0.0,
128.0,
187.0,
136.0,
0.0,
-145.0,
-211.0,
-154.0,
0.0,
164.0,
241.0,
176.0,
0.0,
-188.0,
-276.0,
-202.0,
0.0,
218.0,
320.0,
235.0,
0.0,
-256.0,
-377.0,
-279.0,
0.0,
305.0,
454.0,
337.0,
0.0,
-376.0,
-563.0,
-422.0,
0.0,
482.0,
732.0,
559.0,
0.0,
-663.0,
-1034.0,
-813.0,
0.0,
1049.0,
1733.0,
1472.0,
0.0,
-2457.0,
-5215.0,
-7377.0,
24572.0,
-7377.0,
-5215.0,
-2457.0,
0.0,
1472.0,
1733.0,
1049.0,
0.0,
-813.0,
-1034.0,
-663.0,
0.0,
559.0,
732.0,
482.0,
0.0,
-422.0,
-563.0,
-376.0,
0.0,
337.0,
454.0,
305.0,
0.0,
-279.0,
-377.0,
-256.0,
0.0,
235.0,
320.0,
218.0,
0.0,
-202.0,
-276.0,
-188.0,
0.0,
176.0,
241.0,
164.0,
0.0,
-154.0,
-211.0,
-145.0,
0.0,
136.0,
187.0,
128.0,
0.0,
-120.0,
-166.0,
-114.0,
0.0,
107.0,
147.0,
101.0,
0.0,
-95.0,
-131.0,
-90.0,
0.0,
85.0,
117.0,
80.0,
0.0,
-76.0,
-105.0,
-72.0,
0.0,
68.0,
93.0,
64.0,
0.0,
-60.0,
-83.0,
-57.0,
0.0,
54.0,
74.0,
51.0,
0.0,
-48.0,
-66.0,
-45.0,
0.0,
42.0,
58.0,
40.0,
0.0,
-38.0,
-52.0,
-35.0,
0.0,
33.0,
46.0,
31.0,
0.0,
-29.0,
-40.0,
-27.0,
0.0,
25.0,
35.0,
24.0,
0.0,
-22.0,
-31.0,
-21.0,
0.0,
19.0,
26.0,
18.0,
0.0,
-17.0,
-23.0,
-15.0,
0.0,
14.0,
20.0,
13.0,
0.0,
-12.0,
-17.0,
-11.0,
0.0,
10.0,
14.0,
10.0,
0.0,
-9.0,
-12.0,
-8.0,
0.0,
7.0,
10.0,
7.0,
0.0,
-6.0,
-9.0,
-6.0,
0.0,
5.0,
7.0,
5.0,
0.0,
-5.0,
-6.0,
-4.0,
0.0,
4.0,
6.0,
4.0,
0.0,
-4.0,
-5.0,
-3.0,
0.0,
3.0,
5.0,
3.0,
