0.0,
-1.0,
-1.0,
0.0,
1.0,
5.0,
8.0,
10.0,
9.0,
5.0,
0.0,
-5.0,
-10.0,
-11.0,
-10.0,
-7.0,
-2.0,
1.0,
2.0,
2.0,
0.0,
-2.0,
-3.0,
-1.0,
3.0,
10.0,
16.0,
19.0,
17.0,
10.0,
0.0,
-11.0,
-21.0,
-25.0,
-22.0,
-15.0,
-5.0,
2.0,
6.0,
5.0,
0.0,
-5.0,
-7.0,
-2.0,
7.0,
22.0,
35.0,
42.0,
38.0,
23.0,
0.0,
-25.0,
-44.0,
-52.0,
-47.0,
-32.0,
-12.0,
4.0,
12.0,
10.0,
0.0,
-10.0,
-14.0,
-5.0,
15.0,
44.0,
70.0,
83.0,
75.0,
45.0,
0.0,
-48.0,
-85.0,
-100.0,
-90.0,
-60.0,
-22.0,
9.0,
24.0,
19.0,
0.0,
-20.0,
-27.0,
-10.0,
28.0,
81.0,
128.0,
151.0,
136.0,
81.0,
0.0,
-86.0,
-152.0,
-179.0,
-161.0,
-108.0,
-40.0,
16.0,
42.0,
33.0,
0.0,
-35.0,
-47.0,
-19.0,
50.0,
143.0,
227.0,
267.0,
241.0,
144.0,
0.0,
-153.0,
-271.0,
-319.0,
-288.0,
-192.0,
-72.0,
29.0,
76.0,
60.0,
0.0,
-64.0,
-87.0,
-35.0,
93.0,
267.0,
425.0,
504.0,
457.0,
276.0,
0.0,
-299.0,
-534.0,
-637.0,
-581.0,
-394.0,
-150.0,
61.0,
164.0,
133.0,
0.0,
-148.0,
-204.0,
-84.0,
231.0,
682.0,
1127.0,
1392.0,
1321.0,
841.0,
0.0,
-1032.0,
-1996.0,
-2613.0,
-2668.0,
-2083.0,
-947.0,
492.0,
1893.0,
2907.0,
3276.0,
2907.0,
1893.0,
492.0,
-947.0,
-2083.0,
-2668.0,
-2613.0,
-1996.0,
-1032.0,
0.0,
841.0,
1321.0,
1392.0,
1127.0,
682.0,
231.0,
-84.0,
-204.0,
-148.0,
0.0,
133.0,
164.0,
61.0,
-150.0,
-394.0,
-581.0,
-637.0,
-534.0,
-299.0,
0.0,
276.0,
457.0,
504.0,
425.0,
267.0,
93.0,
-35.0,
-87.0,
-64.0,
0.0,
60.0,
76.0,
29.0,
-72.0,
-192.0,
-288.0,
-319.0,
-271.0,
-153.0,
0.0,
144.0,
241.0,
267.0,
227.0,
143.0,
50.0,
-19.0,
-47.0,
-35.0,
0.0,
33.0,
42.0,
16.0,
-40.0,
-108.0,
-161.0,
-179.0,
-152.0,
-86.0,
0.0,
81.0,
136.0,
151.0,
128.0,
81.0,
28.0,
-10.0,
-27.0,
-20.0,
0.0,
19.0,
24.0,
9.0,
-22.0,
-60.0,
-90.0,
-100.0,
-85.0,
-48.0,
0.0,
45.0,
75.0,
83.0,
70.0,
44.0,
15.0,
-5.0,
-14.0,
-10.0,
0.0,
10.0,
12.0,
4.0,
-12.0,
-32.0,
-47.0,
-52.0,
-44.0,
-25.0,
0.0,
23.0,
38.0,
42.0,
35.0,
22.0,
7.0,
-2.0,
-7.0,
-5.0,
0.0,
5.0,
6.0,
2.0,
-5.0,
-15.0,
-22.0,
-25.0,
-21.0,
-11.0,
0.0,
10.0,
17.0,
19.0,
16.0,
10.0,
3.0,
-1.0,
-3.0,
-2.0,
0.0,
2.0,
2.0,
1.0,
-2.0,
-7.0,
-10.0,
-11.0,
-10.0,
-5.0,
0.0,
5.0,
9.0,
10.0,
8.0,
5.0,
1.0,
0.0,
-1.0,
-1.0,
